"","PH_1","theta_w_1","sigma_1","PH_2","theta_w_2","sigma_2","asc_2","x_female_2","x_mayor45_2","x_underage_in_household_2","x_only_worker_2","x_university_2","x_metropolitana_2","PH_3","theta_w_3","sigma_3","asc_3","x_female_3","x_mayor45_3","x_underage_in_household_3","x_only_worker_3","x_university_3","x_metropolitana_3","PH_4","theta_w_4","sigma_4","asc_4","x_female_4","x_mayor45_4","x_underage_in_household_4","x_only_worker_4","x_university_4","x_metropolitana_4"
"PH_1",-96799.3400990963,-10479.1979538277,58.2076609134674,-1804.43748831749,-818.545231595635,-40.0177668780088,-714.862835593522,-272.848410531878,-352.883944287896,-412.910594604909,-562.06772569567,-136.424205265939,-167.347025126219,-1589.79673869908,-716.681824997067,-38.198777474463,-161.890056915581,-67.3026079311967,-67.3026079311967,-103.682396002114,-43.6557456851006,-7.27595761418343,-56.3886715099216,-418.367562815547,-100.044417195022,12.732925824821,10.9139364212751,1.81898940354586,-3.63797880709171,-1.81898940354586,0,-3.63797880709171,-3.63797880709171
"theta_w_1",-10479.1979538277,-2077.28589884937,3.63797880709171,-756.699591875076,-369.254848919809,-1.81898940354586,-40.0177668780088,-7.27595761418343,-25.465851649642,-38.198777474463,-36.3797880709171,-10.9139364212751,-10.9139364212751,-502.041075378656,-267.391442321241,-9.09494701772928,-47.2937244921923,-20.0088834390044,-20.0088834390044,-30.9228198602796,-7.27595761418343,-1.81898940354586,-18.1898940354586,-125.510268844664,-32.7418092638254,3.63797880709171,12.732925824821,7.27595761418343,1.81898940354586,0,0,1.81898940354586,1.81898940354586
"sigma_1",58.2076609134674,3.63797880709171,-14.5519152283669,-9.09494701772928,3.63797880709171,0,10.9139364212751,5.45696821063757,5.45696821063757,5.45696821063757,5.45696821063757,3.63797880709171,1.81898940354586,-29.1038304567337,-12.732925824821,-1.81898940354586,0,0,0,0,0,0,0,-3.63797880709171,0,0,0,0,0,-1.81898940354586,0,0,0
"PH_2",-1804.43748831749,-756.699591875076,-9.09494701772928,-17618.7313627452,-8974.89371709526,143.700162880123,178.260961547494,65.4836185276508,138.243194669485,276.48638933897,-183.717929758132,-61.8456397205591,181.898940354586,-2120.94164453447,-982.254277914762,100.044417195022,-594.809534959495,-269.210431724787,-254.65851649642,-467.480276711285,-18.1898940354586,-36.3797880709171,-216.459739021957,514.774001203477,-16.3709046319127,3.63797880709171,283.762346953154,160.071067512035,70.9405867382884,89.130480773747,0,72.7595761418343,43.6557456851006
"theta_w_2",-818.545231595635,-369.254848919809,3.63797880709171,-8974.89371709526,-4800.31303595752,94.5874489843845,129.148247651756,47.2937244921923,85.4925019666553,161.890056915581,-74.5785655453801,-14.5519152283669,98.2254277914762,-874.933903105557,-416.548573412001,47.2937244921923,-296.495272777975,-134.605215862393,-129.148247651756,-232.83064365387,-7.27595761418343,-20.0088834390044,-109.139364212751,101.863406598568,-76.397554948926,0,141.881173476577,81.8545231595635,34.5607986673713,41.8367562815547,0,30.9228198602796,21.8278728425503
"sigma_2",-40.0177668780088,-1.81898940354586,0,143.700162880123,94.5874489843845,-49.1127138957381,56.3886715099216,29.1038304567337,21.8278728425503,34.5607986673713,9.09494701772928,9.09494701772928,14.5519152283669,-94.5874489843845,-50.931703299284,0,-21.8278728425503,-12.732925824821,-9.09494701772928,-16.3709046319127,0,0,-5.45696821063757,127.32925824821,43.6557456851006,0,-9.09494701772928,-3.63797880709171,-3.63797880709171,-3.63797880709171,0,-3.63797880709171,0
"asc_2",-714.862835593522,-40.0177668780088,10.9139364212751,178.260961547494,129.148247651756,56.3886715099216,-245.563569478691,-114.596332423389,-94.5874489843845,-145.519152283669,-65.4836185276508,-30.9228198602796,-72.7595761418343,809.450284577906,474.756234325469,3.63797880709171,92.7684595808387,40.0177668780088,40.0177668780088,80.0355337560177,0,3.63797880709171,36.3797880709171,-352.883944287896,-85.4925019666553,-1.81898940354586,25.465851649642,12.732925824821,1.81898940354586,1.81898940354586,0,7.27595761418343,0
"x_female_2",-272.848410531878,-7.27595761418343,5.45696821063757,65.4836185276508,47.2937244921923,29.1038304567337,-114.596332423389,-114.596332423389,-45.4747350886464,-76.397554948926,-25.465851649642,-16.3709046319127,-34.5607986673713,229.192664846778,143.700162880123,1.81898940354586,40.0177668780088,40.0177668780088,20.0088834390044,38.198777474463,0,1.81898940354586,16.3709046319127,-187.355908565223,-45.4747350886464,-1.81898940354586,10.9139364212751,12.732925824821,0,0,0,3.63797880709171,0
"x_mayor45_2",-352.883944287896,-25.465851649642,5.45696821063757,138.243194669485,85.4925019666553,21.8278728425503,-94.5874489843845,-45.4747350886464,-94.5874489843845,-47.2937244921923,-27.2848410531878,-7.27595761418343,-27.2848410531878,403.81564758718,236.468622460961,1.81898940354586,41.8367562815547,20.0088834390044,41.8367562815547,30.9228198602796,1.81898940354586,1.81898940354586,14.5519152283669,-69.1215973347425,-10.9139364212751,0,1.81898940354586,1.81898940354586,1.81898940354586,0,0,0,0
"x_underage_in_household_2",-412.910594604909,-38.198777474463,5.45696821063757,276.48638933897,161.890056915581,34.5607986673713,-145.519152283669,-76.397554948926,-47.2937244921923,-145.519152283669,-45.4747350886464,-16.3709046319127,-41.8367562815547,676.664058119059,400.177668780088,1.81898940354586,80.0355337560177,38.198777474463,29.1038304567337,80.0355337560177,0,3.63797880709171,29.1038304567337,-63.664629124105,-14.5519152283669,0,1.81898940354586,1.81898940354586,-1.81898940354586,1.81898940354586,0,1.81898940354586,0
"x_only_worker_2",-562.06772569567,-36.3797880709171,5.45696821063757,-183.717929758132,-74.5785655453801,9.09494701772928,-65.4836185276508,-25.465851649642,-27.2848410531878,-45.4747350886464,-65.4836185276508,-7.27595761418343,-14.5519152283669,14.5519152283669,9.09494701772928,0,0,0,0,0,0,0,0,0,0,0,-1.81898940354586,0,-1.81898940354586,-1.81898940354586,0,-1.81898940354586,0
"x_university_2",-136.424205265939,-10.9139364212751,3.63797880709171,-61.8456397205591,-14.5519152283669,9.09494701772928,-30.9228198602796,-16.3709046319127,-7.27595761418343,-16.3709046319127,-7.27595761418343,-30.9228198602796,-10.9139364212751,30.9228198602796,16.3709046319127,0,1.81898940354586,0,0,1.81898940354586,0,3.63797880709171,1.81898940354586,-147.338141687214,-36.3797880709171,-1.81898940354586,9.09494701772928,5.45696821063757,0,1.81898940354586,0,9.09494701772928,1.81898940354586
"x_metropolitana_2",-167.347025126219,-10.9139364212751,1.81898940354586,181.898940354586,98.2254277914762,14.5519152283669,-72.7595761418343,-34.5607986673713,-27.2848410531878,-41.8367562815547,-14.5519152283669,-10.9139364212751,-74.5785655453801,280.124368146062,170.985003933311,0,34.5607986673713,14.5519152283669,12.732925824821,27.2848410531878,0,1.81898940354586,34.5607986673713,-47.2937244921923,-9.09494701772928,0,0,0,-1.81898940354586,-1.81898940354586,0,0,0
"PH_3",-1589.79673869908,-502.041075378656,-29.1038304567337,-2120.94164453447,-874.933903105557,-94.5874489843845,809.450284577906,229.192664846778,403.81564758718,676.664058119059,14.5519152283669,30.9228198602796,280.124368146062,-17997.0811586827,-10804.7970570624,-94.5874489843845,-769.432517699897,-203.726813197136,-385.625753551722,-658.4741640836,-10.9139364212751,-23.6468622460961,-256.477505899966,-50.931703299284,-9.09494701772928,1.81898940354586,25.465851649642,9.09494701772928,7.27595761418343,16.3709046319127,0,0,5.45696821063757
"theta_w_3",-716.681824997067,-267.391442321241,-12.732925824821,-982.254277914762,-416.548573412001,-50.931703299284,474.756234325469,143.700162880123,236.468622460961,400.177668780088,9.09494701772928,16.3709046319127,170.985003933311,-10804.7970570624,-6635.67334413528,-52.7506927028298,-434.73846744746,-121.872290037572,-212.821760214865,-376.530806533992,-5.45696821063757,-9.09494701772928,-149.15713109076,-16.3709046319127,-1.81898940354586,1.81898940354586,12.732925824821,5.45696821063757,3.63797880709171,9.09494701772928,0,0,3.63797880709171
"sigma_3",-38.198777474463,-9.09494701772928,-1.81898940354586,100.044417195022,47.2937244921923,0,3.63797880709171,1.81898940354586,1.81898940354586,1.81898940354586,0,0,0,-94.5874489843845,-52.7506927028298,-9.09494701772928,0,0,0,1.81898940354586,0,0,0,5.45696821063757,1.81898940354586,0,-1.81898940354586,0,-1.81898940354586,-1.81898940354586,0,-1.81898940354586,0
"asc_3",-161.890056915581,-47.2937244921923,0,-594.809534959495,-296.495272777975,-21.8278728425503,92.7684595808387,40.0177668780088,41.8367562815547,80.0355337560177,0,1.81898940354586,34.5607986673713,-769.432517699897,-434.73846744746,0,-90.9494701772928,-40.0177668780088,-40.0177668780088,-78.2165443524718,0,-1.81898940354586,-34.5607986673713,-5.45696821063757,-1.81898940354586,0,5.45696821063757,1.81898940354586,0,1.81898940354586,0,-1.81898940354586,0
"x_female_3",-67.3026079311967,-20.0088834390044,0,-269.210431724787,-134.605215862393,-12.732925824821,40.0177668780088,40.0177668780088,20.0088834390044,38.198777474463,0,0,14.5519152283669,-203.726813197136,-121.872290037572,0,-40.0177668780088,-40.0177668780088,-20.0088834390044,-38.198777474463,0,0,-16.3709046319127,-3.63797880709171,-1.81898940354586,0,1.81898940354586,1.81898940354586,-1.81898940354586,0,0,-1.81898940354586,0
"x_mayor45_3",-67.3026079311967,-20.0088834390044,0,-254.65851649642,-129.148247651756,-9.09494701772928,40.0177668780088,20.0088834390044,41.8367562815547,29.1038304567337,0,0,12.732925824821,-385.625753551722,-212.821760214865,0,-40.0177668780088,-20.0088834390044,-40.0177668780088,-29.1038304567337,-1.81898940354586,0,-12.732925824821,-3.63797880709171,-1.81898940354586,0,0,0,0,-1.81898940354586,0,-1.81898940354586,0
"x_underage_in_household_3",-103.682396002114,-30.9228198602796,0,-467.480276711285,-232.83064365387,-16.3709046319127,80.0355337560177,38.198777474463,30.9228198602796,80.0355337560177,0,1.81898940354586,27.2848410531878,-658.4741640836,-376.530806533992,1.81898940354586,-78.2165443524718,-38.198777474463,-29.1038304567337,-78.2165443524718,0,-1.81898940354586,-27.2848410531878,0,0,0,1.81898940354586,1.81898940354586,-1.81898940354586,1.81898940354586,0,-1.81898940354586,0
"x_only_worker_3",-43.6557456851006,-7.27595761418343,0,-18.1898940354586,-7.27595761418343,0,0,0,1.81898940354586,0,0,0,0,-10.9139364212751,-5.45696821063757,0,0,0,-1.81898940354586,0,0,1.81898940354586,0,0,0,0,0,0,0,0,0,0,0
"x_university_3",-7.27595761418343,-1.81898940354586,0,-36.3797880709171,-20.0088834390044,0,3.63797880709171,1.81898940354586,1.81898940354586,3.63797880709171,0,3.63797880709171,1.81898940354586,-23.6468622460961,-9.09494701772928,0,-1.81898940354586,0,0,-1.81898940354586,1.81898940354586,0,0,-1.81898940354586,0,0,0,0,0,0,0,0,0
"x_metropolitana_3",-56.3886715099216,-18.1898940354586,0,-216.459739021957,-109.139364212751,-5.45696821063757,36.3797880709171,16.3709046319127,14.5519152283669,29.1038304567337,0,1.81898940354586,34.5607986673713,-256.477505899966,-149.15713109076,0,-34.5607986673713,-16.3709046319127,-12.732925824821,-27.2848410531878,0,0,-34.5607986673713,-1.81898940354586,0,0,0,0,0,0,0,0,1.81898940354586
"PH_4",-418.367562815547,-125.510268844664,-3.63797880709171,514.774001203477,101.863406598568,127.32925824821,-352.883944287896,-187.355908565223,-69.1215973347425,-63.664629124105,0,-147.338141687214,-47.2937244921923,-50.931703299284,-16.3709046319127,5.45696821063757,-5.45696821063757,-3.63797880709171,-3.63797880709171,0,0,-1.81898940354586,-1.81898940354586,-27996.0659099743,-8651.11360326409,192.812876775861,225.554686039686,129.148247651756,47.2937244921923,34.5607986673713,0,158.25207810849,38.198777474463
"theta_w_4",-100.044417195022,-32.7418092638254,0,-16.3709046319127,-76.397554948926,43.6557456851006,-85.4925019666553,-45.4747350886464,-10.9139364212751,-14.5519152283669,0,-36.3797880709171,-9.09494701772928,-9.09494701772928,-1.81898940354586,1.81898940354586,-1.81898940354586,-1.81898940354586,-1.81898940354586,0,0,0,0,-8651.11360326409,-3214.15427606553,63.664629124105,61.8456397205591,36.3797880709171,5.45696821063757,7.27595761418343,0,41.8367562815547,9.09494701772928
"sigma_4",12.732925824821,3.63797880709171,0,3.63797880709171,0,0,-1.81898940354586,-1.81898940354586,0,0,0,-1.81898940354586,0,1.81898940354586,1.81898940354586,0,0,0,0,0,0,0,0,192.812876775861,63.664629124105,-10.9139364212751,5.45696821063757,3.63797880709171,0,-1.81898940354586,0,1.81898940354586,0
"asc_4",10.9139364212751,12.732925824821,0,283.762346953154,141.881173476577,-9.09494701772928,25.465851649642,10.9139364212751,1.81898940354586,1.81898940354586,-1.81898940354586,9.09494701772928,0,25.465851649642,12.732925824821,-1.81898940354586,5.45696821063757,1.81898940354586,0,1.81898940354586,0,0,0,225.554686039686,61.8456397205591,5.45696821063757,-45.4747350886464,-25.465851649642,-5.45696821063757,-7.27595761418343,0,-16.3709046319127,-3.63797880709171
"x_female_4",1.81898940354586,7.27595761418343,0,160.071067512035,81.8545231595635,-3.63797880709171,12.732925824821,12.732925824821,1.81898940354586,1.81898940354586,0,5.45696821063757,0,9.09494701772928,5.45696821063757,0,1.81898940354586,1.81898940354586,0,1.81898940354586,0,0,0,129.148247651756,36.3797880709171,3.63797880709171,-25.465851649642,-25.465851649642,-3.63797880709171,-5.45696821063757,0,-10.9139364212751,-1.81898940354586
"x_mayor45_4",-3.63797880709171,1.81898940354586,0,70.9405867382884,34.5607986673713,-3.63797880709171,1.81898940354586,0,1.81898940354586,-1.81898940354586,-1.81898940354586,0,-1.81898940354586,7.27595761418343,3.63797880709171,-1.81898940354586,0,-1.81898940354586,0,-1.81898940354586,0,0,0,47.2937244921923,5.45696821063757,0,-5.45696821063757,-3.63797880709171,-5.45696821063757,-1.81898940354586,0,-3.63797880709171,-1.81898940354586
"x_underage_in_household_4",-1.81898940354586,0,-1.81898940354586,89.130480773747,41.8367562815547,-3.63797880709171,1.81898940354586,0,0,1.81898940354586,-1.81898940354586,1.81898940354586,-1.81898940354586,16.3709046319127,9.09494701772928,-1.81898940354586,1.81898940354586,0,-1.81898940354586,1.81898940354586,0,0,0,34.5607986673713,7.27595761418343,-1.81898940354586,-7.27595761418343,-5.45696821063757,-1.81898940354586,-7.27595761418343,0,-3.63797880709171,-1.81898940354586
"x_only_worker_4",0,0,0,0,0,0,0,0,0,0,0,0,0,0,0,0,0,0,0,0,0,0,0,0,0,0,0,0,0,0,0,0,0
"x_university_4",-3.63797880709171,1.81898940354586,0,72.7595761418343,30.9228198602796,-3.63797880709171,7.27595761418343,3.63797880709171,0,1.81898940354586,-1.81898940354586,9.09494701772928,0,0,0,-1.81898940354586,-1.81898940354586,-1.81898940354586,-1.81898940354586,-1.81898940354586,0,0,0,158.25207810849,41.8367562815547,1.81898940354586,-16.3709046319127,-10.9139364212751,-3.63797880709171,-3.63797880709171,0,-16.3709046319127,-3.63797880709171
"x_metropolitana_4",-3.63797880709171,1.81898940354586,0,43.6557456851006,21.8278728425503,0,0,0,0,0,0,1.81898940354586,0,5.45696821063757,3.63797880709171,0,0,0,0,0,0,0,1.81898940354586,38.198777474463,9.09494701772928,0,-3.63797880709171,-1.81898940354586,-1.81898940354586,-1.81898940354586,0,-3.63797880709171,-3.63797880709171
